1000.00  500.00000000
1000.00  600.00000000
1000.00  700.00000000
1000.00  800.00000000
1000.00  900.00000000
1000.00  920.00000000
1000.00  935.00000000
1000.00  950.00000000
1000.00  965.00000000
1000.00  980.00000000
1000.00  995.00000000
1000.00  1010.00000000
1000.00  1025.00000000
1000.00  1040.00000000
1000.00  1055.00000000
1000.00  1070.00000000
1000.00  1085.00000000
1000.00  1100.00000000
1000.00  1115.00000000
1000.00  1130.00000000
1000.00  1145.00000000
1000.00  1160.00000000
1000.00  1175.00000000
1000.00  1190.00000000
1000.00  1205.00000000
1000.00  1220.00000000
1000.00  1235.00000000
1000.00  1250.00000000
1000.00  1265.00000000
1000.00  1280.00000000
1000.00  1295.00000000
1000.00  1310.00000000
1000.00  1325.00000000
1000.00  1340.00000000
1000.00  1355.00000000
1000.00  1370.00000000
1000.00  1385.00000000
1000.00  1400.00000000
1000.00  1415.00000000
1000.00  1430.00000000
1000.00  1445.00000000
1000.00  1460.00000000
1000.00  1475.00000000
1000.00  1490.00000000
1000.00  1505.00000000
1000.00  1520.00000000
1000.00  1535.00000000
1000.00  1550.00000000
1000.00  1565.00000000
1000.00  1580.00000000
1000.00  1595.00000000
1000.00  1610.00000000
1000.00  1625.00000000
1000.00  1640.00000000
1000.00  1655.00000000
1000.00  1670.00000000
1000.00  1685.00000000
1000.00  1700.00000000
1000.00  1715.00000000
1000.00  1730.00000000
1000.00  1745.00000000
1000.00  1760.00000000
1000.00  1775.00000000
1000.00  1790.00000000
1000.00  1805.00000000
1000.00  1820.00000000
1000.00  1835.00000000
1000.00  1850.00000000
1000.00  1865.00000000
1000.00  1880.00000000
1000.00  1895.00000000
1000.00  1910.00000000
1000.00  1925.00000000
1000.00  1940.00000000
1000.00  1955.00000000
1000.00  1970.00000000
1000.00  1985.00000000
1000.00  2000.00000000
